id:1speed0.0396856638786528
id:2speed0.041207452765942135
